000025
000030
000550
000559
000572
000581
000589
000599
000625
000678
000700
000757
000760
000800
000868
000887
000927
000951
000957
000980
002013
002031
002048
002085
002101
002126
002190
002213
002284
002355
002363
002434
002448
002454
002488
002510
002536
002555
002592
002594
002595
002607
002625
002662
002666
002703
002708
002715
002725
300100
300258
300304
300375
600006
600066
600081
600093
600104
600148
600166
600178
600182
600213
600303
600375
600418
600469
600501
600523
600565
600579
600609
600623
600676
600686
600699
600715
600741
600742
600760
600805
601058
601238
601633
601799
601965